Functional tests passed!
0 0.310461
1 0.311447
2 0.309712
3 0.309698
4 0.309049
5 0.308825
6 0.309542
7 0.310202
8 0.309555
9 0.308672
10 0.308338
11 0.308615
12 0.309289
13 0.308531
14 0.308923
15 0.308465
16 0.308439
17 0.308927
18 0.308562
19 0.309218
20 0.308931
21 0.308553
22 0.308739
23 0.308766
24 0.308882
25 0.309167
26 0.308654
27 0.308863
28 0.308482
29 0.308515
30 0.309857
31 0.311446
32 0.311361
33 0.310542
34 0.310947
35 0.308521
36 0.308469
37 0.309025
38 0.308486
39 0.308831
40 0.308348
41 0.308101
42 0.308637
43 0.308475
44 0.308564
45 0.309141
46 0.308722
47 0.308333
48 0.308559
49 0.317003
50 0.308983
51 0.309631
52 0.308911
53 0.308937
54 0.308694
55 0.308808
56 0.308756
57 0.309843
58 0.311315
59 0.310932
60 0.309247
61 0.309116
62 0.308636
63 0.311284
64 0.310224
65 0.310157
66 0.309701
67 0.310941
68 0.310080
69 0.316642
70 0.322088
71 0.351982
72 0.311573
73 0.312235
74 0.310303
75 0.316938
76 0.396835
77 0.402410
78 0.309409
79 0.308952
80 0.309027
81 0.309294
82 0.309101
83 0.309702
84 0.309469
85 0.309688
86 0.309410
87 0.312134
88 0.309346
89 0.309941
90 0.308936
91 0.309116
92 0.308983
93 0.308911
94 0.309201
95 0.311772
96 0.309137
97 0.309121
98 0.308949
99 0.308634
Performance tests passed!
